#FIG 3.2
Portrait
Center
Inches
Letter  
100.00
Single
-2
1200 2
6 9600 825 10125 1350
4 0 -1 0 0 0 12 0.0000 4 180 525 9600 1050 Output\001
4 0 -1 0 0 0 12 0.0000 4 135 435 9600 1320 Trees\001
-6
2 2 0 1 -1 -1 0 0 -1 0.000 0 0 0 0 0 5
	 3000 1500 3000 600 1500 600 1500 1500 3000 1500
2 2 0 1 -1 -1 0 0 -1 0.000 0 0 0 0 0 5
	 5700 1500 5700 600 4200 600 4200 1500 5700 1500
2 2 0 1 -1 -1 0 0 -1 0.000 0 0 0 0 0 5
	 9000 1500 9000 600 7500 600 7500 1500 9000 1500
2 1 0 2 -1 -1 0 0 -1 0.000 0 0 -1 1 0 2
	0 0 2.00 135.00 255.00
	 675 1050 1350 1050
2 1 0 2 -1 -1 0 0 -1 0.000 0 0 -1 1 0 2
	0 0 2.00 135.00 255.00
	 3150 1050 4050 1050
2 1 0 2 -1 -1 0 0 -1 0.000 0 0 -1 1 0 2
	0 0 2.00 135.00 255.00
	 5850 1050 6225 1050
2 1 2 4 -1 -1 0 0 20 7.500 0 0 -1 0 0 2
	 6375 1050 6750 1050
2 1 2 2 -1 -1 0 0 -1 4.500 0 0 -1 0 0 1
	 7350 1050
2 1 0 2 -1 -1 0 0 -1 0.000 0 0 -1 1 0 2
	0 0 2.00 135.00 255.00
	 6825 1050 7275 1050
2 1 0 2 -1 -1 0 0 -1 0.000 0 0 -1 1 0 2
	0 0 2.00 135.00 255.00
	 9075 1050 9450 1050
2 1 0 2 -1 -1 0 0 -1 0.000 0 0 -1 1 0 4
	0 0 2.00 120.00 240.00
	 900 1050 900 1800 3375 1800 3375 1050
2 1 0 2 -1 -1 0 0 -1 0.000 0 0 -1 1 0 4
	0 0 2.00 120.00 240.00
	 3600 1050 3600 1800 5925 1800 5925 1050
2 1 0 2 -1 -1 0 0 -1 0.000 0 0 -1 1 0 4
	0 0 2.00 120.00 240.00
	 6900 1050 6900 1800 9150 1800 9150 1050
4 0 -1 0 0 0 12 0.0000 4 135 375 1950 1125 MR0\001
4 0 -1 0 0 0 12 0.0000 4 135 375 4650 1125 MR1\001
4 0 -1 0 0 0 12 0.0000 4 135 375 7950 1125 MRn\001
4 0 -1 0 0 0 12 0.0000 4 180 390 150 1050 Input\001
4 0 -1 0 0 0 12 0.0000 4 135 435 150 1320 Trees\001
